64 rows x 7 variables (+ class, space separated, CR EOL)
0000001 0
0000011 1
0000100 0
0000111 1
0001000 0
0001011 1
0001100 0
0001110 1
0010000 0
0010011 1
0010101 0
0010111 1
0011001 0
0011011 1
0011101 0
0011110 1
0100000 0
0100010 0
0100101 1
0100110 1
0101001 0
0101011 0
0101100 1
0101110 1
0110000 0
0110010 0
0110100 1
0110111 1
0111001 0
0111010 0
0111100 1
0111110 1
1000000 0
1000010 0
1000100 0
1000110 0
1001000 1
1001011 1
1001101 1
1001111 1
1010001 0
1010011 0
1010101 0
1010111 0
1011000 1
1011010 1
1011100 1
1011110 1
1100000 0
1100011 0
1100100 0
1100111 0
1101000 0
1101011 0
1101101 0
1101110 0
1110000 1
1110010 1
1110101 1
1110111 1
1111000 1
1111010 1
1111101 1
1111111 1
